4294967278,11
4294967278,10
4294967278,9
4294967278,8
4294967278,23
4294967278,22
4294967278,21
4294967278,20
4294967278,19
4294967278,18
4294967278,17
4294967278,16
4294967278,15
4294967278,14
4294967278,13
4294967278,12
4294967278,361
4294967278,61
4294967278,60
4294967278,57
4294967278,55
4294967278,54
4294967278,53
4294967278,52
4294967278,51
4294967278,50
4294967278,49
4294967278,48
4294967278,46
4294967278,45
4294967278,44
4294967278,43
4294967278,42
4294967278,41
4294967278,40
4294967278,39
4294967278,38
4294967278,37
4294967278,36
4294967278,35
4294967278,34
4294967278,33
4294967278,32
4294967278,31
4294967278,30
4294967278,29
4294967278,28
4294967278,27
4294967278,26
4294967278,25
4294967278,24
4294967279,538
4294967279,85
4294967279,84
4294967279,301
4294967278,399
4294967279,83
4294967279,291
4294967278,291
4294967279,82
4294967279,361
4294967294,30
4294967294,1070
4294967294,1069
4294967294,1067
4294967294,1066
4294967294,1061
4294967294,1050
4294967294,436
4294967294,158
4294967294,157
4294967294,156
4294967294,155
4294967294,60
4294967294,12
4294967294,11
4294967294,68
4294967279,365
4294967278,347
4294967279,192
4294967279,539
4294967278,307
4294967279,188
4294967279,187
4294967279,186
4294967278,263
4294967279,185
511,7
4294967279,335
4294967278,314
4294967279,182
4294967279,364
4294967279,181
4294967294,1030
4294967294,1035
4294967294,192
4294967279,180
4294967279,514
4294967278,381
4294967279,177
4294967279,173
4294967278,176
511,6
511,5
4294967278,175
511,4
4294967279,175
511,3
511,2
511,1
4294967279,340
4294967278,173
4294967278,59
4294967278,303
4294967279,570
4294967278,58
4294967278,170
4294967278,408
4294967278,169
4294967279,169
4294967294,473
4294967278,56
4294967278,168
4294967278,266
4294967279,168
4294967279,535
4294967278,167
4294967279,167
4294967279,166
4294967278,165
4294967279,163
4294967279,165
4294967278,164
4294967279,164
4294967278,163
4294967278,47
4294967279,162
4294967278,161
4294967279,161
4294967278,131
4294967278,130
4294967278,129
4294967278,128
4294967278,126
4294967278,125
4294967278,124
4294967278,123
4294967278,120
4294967278,118
4294967278,117
4294967278,116
4294967278,115
4294967278,114
4294967278,111
4294967278,109
4294967278,108
4294967278,107
4294967278,106
4294967278,105
4294967278,100
4294967278,98
4294967278,97
4294967278,96
4294967278,95
4294967278,93
4294967278,92
4294967278,91
4294967278,90
4294967278,85
4294967278,83
4294967278,82
4294967278,81
4294967278,80
4294967278,78
4294967278,77
4294967278,76
4294967278,75
4294967278,71
4294967278,69
4294967278,68
4294967278,67
4294967278,66
4294967278,64
4294967278,63
4294967278,62
4294967278,260
4294967279,81
4294967279,80
4294967279,79
4294967279,78
4294967279,77
4294967279,528
4294967279,76
4294967279,75
4294967279,338
4294967279,74
4294967279,72
4294967279,383
4294967279,71
4294967279,70
4294967279,69
4294967279,68
4294967279,67
4294967279,66
4294967279,65
4294967279,64
4294967279,63
4294967279,61
4294967279,320
4294967279,60
4294967279,59
4294967279,58
4294967279,57
4294967279,56
4294967279,55
4294967279,336
4294967279,54
4294967279,53
4294967279,52
4294967279,569
4294967279,51
4294967279,524
4294967279,50
4294967279,49
4294967279,48
4294967279,47
4294967279,45
4294967279,43
4294967279,42
4294967279,41
4294967279,349
4294967279,39
4294967279,38
4294967279,360
4294967279,37
4294967279,359
4294967279,36
4294967279,33
4294967279,32
4294967279,347
4294967279,31
4294967279,30
4294967279,29
4294967279,28
4294967279,27
4294967279,26
4294967279,25
4294967279,24
4294967279,22
4294967279,21
4294967279,20
4294967279,19
4294967279,18
4294967279,17
4294967279,16
4294967279,518
4294967279,15
4294967279,14
4294967279,543
4294967279,13
4294967279,288
4294967279,12
4294967279,521
4294967279,11
4294967279,273
4294967279,10
4294967279,515
4294967279,9
4294967279,326
4294967279,8
4294967279,5
4294967279,46
4294967279,322
4294967294,390
4294967294,115
4294967279,284
4294967278,407
4294967279,174
4294967279,0
4294967279,44
4294967279,568
4294967294,1032
4294967294,186
4294967279,152
4294967279,40
4294967279,381
508,6
508,5
4294967279,149
508,4
508,3
508,2
508,1
4294967278,404
4294967279,35
4294967279,289
4294967278,362
4294967278,0
4294967279,34
4294967279,522
4294967279,297
4294967279,142
4294967279,139
4294967279,23
4294967279,136
4294967279,555
4294967279,296
4294967294,1418
4294967279,341
4294967278,360
4294967279,283
505,7
4294967294,9
4294967279,294
4294967279,328
4294967279,265
4294967294,38
4294967294,387
4294967294,388
4294967294,36
4294967279,262
4294967279,261
505,6
505,5
4294967279,275
505,4
505,3
505,2
505,1
4294967294,1078
4294967294,29
4294967278,359
4294967279,258
4294967294,39
4294967294,41
4294967294,424
4294967294,42
4294967294,99
4294967278,127
